MSD =-37.796850,144.962394 -37.796937,144.963180 -37.797430,144.962290 -37.797519,144.963132\tMasson Rd, Parkville\nBuilding 133\tMSD
GiblinEunsonLibrary =-37.800913,144.959266 -37.800960,144.959607 -37.801914,144.959013 -37.801931,144.959387\t111 Barry Street, Parkville\nBuilding 105\tGiblinEunson
LawLibrary =-37.802123,144.959654 -37.802229,144.960485 -37.802598,144.959680 -37.802647,144.960458\t185 Pelham St, Carlton\nLevels 3, 4, and 5\nMelbourne Law School\tLaw
BaillieuLibrary =-37.798235,144.959138 -37.798277,144.959583 -37.798728,144.959078 -37.798764,144.959514\t177, University Street, Parkville\nUniversity of Melbourne\tBaillieu
ERC =-37.798888,144.962644 -37.798962,144.963333 -37.799456,144.962555 -37.799537,144.963135\tGrattan St & Swanston St, Parkville\nBuilding 171\tERC
BiomedicalLibrary =-37.798801,144.959331 -37.798826,144.959674 -37.799133,144.959298 -37.799152,144.959631\tGrattan Street, Carlton\nMelway 2B C7\nBuilding 182\tBiomedical